50.666666666666664
73.0
81.0
70.0
87.66666666666667
69.0
61.666666666666664
71.33333333333333
60.666666666666664
66.33333333333333
62.666666666666664
36.0
54.0
46.333333333333336
71.66666666666667
66.0
54.666666666666664
63.0
52.666666666666664
68.0
50.666666666666664
55.333333333333336
39.333333333333336
52.0
52.666666666666664
60.666666666666664
55.0
80.0
50.666666666666664
69.0
46.666666666666664
83.33333333333333
75.0
36.0
35.333333333333336
55.333333333333336
43.333333333333336
49.333333333333336
50.0
69.66666666666667
72.33333333333333
63.666666666666664
69.66666666666667
63.666666666666664
83.33333333333333
69.66666666666667
34.333333333333336
52.333333333333336
52.0
46.0
39.666666666666664
42.666666666666664
56.333333333333336
54.333333333333336
71.0
75.66666666666667
69.33333333333333
46.666666666666664
49.666666666666664
39.333333333333336
69.0
71.33333333333333
50.0
79.33333333333333
72.33333333333333
50.0
49.666666666666664
76.33333333333333
74.0
46.0
55.666666666666664
72.66666666666667
61.0
72.33333333333333
55.333333333333336
63.0
74.0
59.0
64.33333333333333
65.33333333333333
68.33333333333333
82.33333333333333
54.333333333333336
50.666666666666664
88.66666666666667
68.33333333333333
61.0
60.666666666666664
71.33333333333333
63.333333333333336
61.0
59.666666666666664
61.666666666666664
69.66666666666667
70.66666666666667
54.0
56.666666666666664
71.66666666666667
67.0
70.33333333333333
38.666666666666664
38.333333333333336
82.0
65.33333333333333
58.666666666666664
54.0
45.0
77.0
51.333333333333336
54.666666666666664
47.0
80.33333333333333
74.33333333333333
56.333333333333336
82.33333333333333
53.666666666666664
30.0
62.333333333333336
55.333333333333336
46.0
88.0
52.0
58.666666666666664
71.0
45.666666666666664
51.333333333333336
67.33333333333333
32.666666666666664
53.0
56.0
79.33333333333333
84.33333333333333
64.0
61.666666666666664
50.666666666666664
66.66666666666667
74.0
43.666666666666664
75.0
67.33333333333333
54.333333333333336
83.66666666666667
56.333333333333336
59.333333333333336
66.0
68.0
69.66666666666667
64.33333333333333
38.0
61.333333333333336
93.33333333333333
64.0
79.66666666666667
59.63398692810458 64.54248366013071 59.59477124183007